"","Year","Site","Treatment","Centipede 1","Centipede 2","Centipede 3","Centipede 4","Dermaptera 1","Diptera 1","Diptera 2","Diptera 3","Diptera 4","Diptera 5","Diptera 6","Earthworm","Isopoda 1","Isopoda 2","Isoptera 1","Lepidoptera 1","Lepidoptera 2","Lepidoptera 3","Lepidoptera 4","Lepidoptera 5","Mantodea 1","Mantodea 2","Mantodea 3","Mantodea 4","Mantodea 5","Millipede 1","Millipede 2","Neuroptera (larvae)","Pscoptera 1","Scorpion 1","Scorpion 2","Slug 1","Thysanoptera 1"
"1",2016,"CR","Control",0,0,0,3,0,0,0,2,1,0,0,1,0,2,0,0,0,0,0,0,0,0,0,0,0,3,1,0,0,0,0,0,0
"2",2016,"CR","Rock",1,0,0,78,0,0,0,0,1,0,0,0,3,6,0,0,0,0,0,0,0,0,0,0,1,9,0,0,0,0,0,0,0
"3",2016,"JE","Control",3,1,0,0,0,0,0,0,0,1,0,0,179,1,0,0,0,0,0,0,0,0,0,0,3,0,0,0,0,0,0,0,0
"4",2016,"JE","Rock",5,1,1,0,0,0,0,0,0,0,0,0,94,2,0,1,0,0,0,0,0,0,0,0,0,0,1,0,0,0,0,0,0
"5",2016,"JW","Control",7,1,0,8,0,0,0,2,2,0,0,0,2,0,0,0,0,0,0,3,0,0,0,0,1,0,0,1,0,0,0,0,0
"6",2016,"JW","Rock",2,1,2,8,0,0,0,2,0,0,0,0,3,0,0,1,1,0,0,0,0,0,0,0,2,1,0,0,0,0,0,0,0
"7",2016,"K","Control",1,0,0,52,0,0,0,1,2,0,0,0,14,0,3,2,0,0,0,0,0,0,0,0,1,153,3,0,0,2,0,0,0
"8",2016,"K","Rock",1,0,0,63,0,4,0,0,4,0,1,0,7,0,0,0,0,0,0,0,0,0,0,0,1,186,4,0,0,1,1,0,0
"9",2016,"MUL","Control",3,3,0,0,0,1,0,2,2,0,0,0,2,1,0,0,0,0,0,7,0,0,0,0,0,0,0,0,0,0,0,0,0
"10",2016,"MUL","Rock",7,0,1,5,0,1,0,0,0,0,0,0,0,2,0,0,0,0,0,8,0,0,0,0,0,0,0,0,0,0,0,0,0
"11",2019,"CR","Control",0,0,0,0,1,0,0,1,1,0,0,0,4,9,0,0,0,1,1,0,0,0,0,0,0,0,0,0,0,0,0,0,0
"12",2019,"CR","Rock",1,0,0,0,0,0,0,0,0,0,0,0,28,3,0,1,0,0,0,0,0,0,1,0,0,1,0,0,0,0,0,0,0
"13",2019,"JE","Control",14,1,0,0,0,0,0,1,0,0,0,0,4,2,2,1,0,0,0,0,0,0,0,0,0,0,0,0,1,1,0,1,0
"14",2019,"JE","Rock",2,0,0,0,0,1,1,0,0,0,0,0,1,0,0,4,0,0,0,0,0,0,0,0,0,0,0,1,1,0,0,0,0
"15",2019,"JW","Control",7,0,0,0,0,0,0,2,0,0,0,0,0,0,0,0,0,1,0,0,1,1,0,0,0,0,0,0,0,0,0,0,0
"16",2019,"JW","Rock",4,0,0,0,0,0,0,0,1,0,0,0,0,0,0,0,1,0,0,0,0,0,0,0,0,0,0,1,0,1,0,0,0
"17",2019,"K","Control",6,0,0,0,0,0,0,0,0,0,0,0,14,0,0,1,0,0,0,0,0,1,0,0,0,0,0,0,0,1,0,0,0
"18",2019,"K","Rock",12,1,0,0,0,0,0,0,0,0,0,0,21,0,0,0,0,0,0,0,0,0,0,1,0,0,0,0,0,1,1,0,1
"19",2019,"MUL","Control",4,0,0,0,0,0,0,0,0,0,0,0,0,1,0,1,0,1,0,0,0,0,0,0,0,0,0,0,0,0,0,0,0
"20",2019,"MUL","Rock",6,0,0,0,0,0,0,0,0,0,0,0,2,1,0,0,2,0,0,0,0,1,0,0,0,0,0,0,0,0,0,0,1
