"","Year","Site","Treatment","Amblyoponinae 1","Dolichoderinae 01","Dolichoderinae 02","Dolichoderinae 03","Dolichoderinae 04","Dolichoderinae 05","Dolichoderinae 06","Dolichoderinae 07","Dolichoderinae 08","Dolichoderinae 09","Dolichoderinae 10","Dorylinae 1","Dorylinae 2","Ectatomminae 1","Formicinae 01","Formicinae 02","Formicinae 03","Formicinae 03.1","Formicinae 03.2","Formicinae 04","Formicinae 05","Formicinae 06","Formicinae 07","Formicinae 08","Formicinae 09","Formicinae 10","Formicinae 11","Formicinae 12","Formicinae 13","Formicinae 14","Formicinae 15","Formicinae 16","Formicinae 17","Heteroponerinae 1","Heteroponerinae 2","Heteroponerinae 3","Heteroponerinae 4","Heteroponerinae 5","Myrmeciinae 1","Myrmicinae 01","Myrmicinae 02","Myrmicinae 03","Myrmicinae 04","Myrmicinae 05","Myrmicinae 06","Myrmicinae 07","Myrmicinae 08","Myrmicinae 09","Myrmicinae 10","Myrmicinae 11"
"1",2016,"CR","Control",3,198,0,3,0,1,0,0,5,0,0,0,0,161,1,4,19,0,0,6,0,36,0,20,0,0,0,0,0,1,0,0,0,2,17,4,1,0,0,17,17,174,0,231,0,27,0,0,1,0
"2",2016,"CR","Rock",9,523,0,0,0,2,0,0,0,0,0,0,0,136,0,0,8,1,0,6,0,49,0,4,0,0,0,0,2,1,1,0,0,3,19,4,0,0,0,22,0,154,0,1,0,1,3,0,0,1
"3",2016,"JE","Control",0,25,2,0,0,69,0,0,1,0,1,1,0,96,3,29,7,1,0,4,0,72,0,13,0,2,0,0,6,0,0,1,1,0,3,1,1,0,0,4,2,25,8,0,6,1,1,0,0,0
"4",2016,"JE","Rock",2,72,2,0,1,15,0,0,14,1,0,0,0,203,0,39,10,0,0,19,0,191,39,11,0,0,0,0,0,0,1,2,3,1,3,0,1,0,0,8,3,21,9,1,2,0,0,1,3,3
"5",2016,"JW","Control",0,119,12,0,1,14,0,0,8,0,1,0,1,181,4,50,5,18,0,25,6,215,11,18,0,15,5,1,0,0,0,2,0,2,13,2,0,1,0,14,3,92,22,8,15,9,5,0,0,2
"6",2016,"JW","Rock",1,917,1,0,0,33,0,0,6,0,0,0,0,184,0,8,6,0,0,4,0,42,3,9,0,11,0,0,1,1,0,0,1,4,26,1,0,1,0,23,3,180,115,4,0,15,1,0,2,7
"7",2016,"K","Control",1,385,3,1,1,0,0,0,0,0,0,0,0,130,0,32,5,1,0,4,0,69,1,1,0,0,1,0,1,1,0,5,0,5,6,1,0,0,0,1,1,169,3,0,3,0,0,0,2,0
"8",2016,"K","Rock",2,1394,1,0,0,0,1,0,0,0,0,0,0,113,0,5,12,0,0,5,0,31,0,1,0,0,2,0,0,1,0,1,0,8,9,0,0,0,0,0,0,60,6,0,8,0,0,0,0,1
"9",2016,"MUL","Control",3,459,0,0,0,2,0,0,0,0,0,0,0,134,1,8,5,0,0,8,0,135,0,4,0,0,2,0,2,0,0,2,0,0,25,6,0,0,0,38,2,97,0,41,0,0,0,0,0,0
"10",2016,"MUL","Rock",5,332,3,0,0,1,0,0,1,0,0,0,0,139,4,26,5,0,0,9,0,26,1,6,0,0,1,0,0,2,0,0,0,0,36,9,0,0,0,35,1,129,0,0,0,4,1,0,0,1
"11",2019,"CR","Control",1,944,0,4,11,0,1,0,11,0,0,0,0,34,0,4,12,0,0,7,0,25,1,14,0,0,0,0,0,0,0,0,0,2,9,0,0,1,0,31,0,65,2,1,3,0,0,0,0,0
"12",2019,"CR","Rock",2,926,2,3,93,3,0,0,9,0,0,0,0,11,0,1,5,0,0,0,0,10,0,6,0,1,0,0,1,0,0,1,0,0,12,0,6,0,1,7,3,243,5,0,0,0,0,0,0,0
"13",2019,"JE","Control",1,34,132,3,3,28,14,0,0,0,0,4,1,49,0,2,22,20,9,9,1,20,2,22,0,3,0,0,1,0,0,0,0,1,0,0,0,0,0,14,9,140,27,78,3,8,2,0,0,0
"14",2019,"JE","Rock",1,974,0,10,1,23,1,0,0,0,0,1,0,43,1,8,2,4,0,63,0,7,16,4,0,0,0,0,0,0,0,0,0,0,0,0,1,1,1,16,12,72,7,3,8,0,0,0,0,0
"15",2019,"JW","Control",1,83,0,16,3,49,9,2,10,0,0,0,0,30,3,3,13,9,1,13,0,35,14,23,1,34,6,1,0,1,0,1,0,0,0,0,1,0,0,13,6,84,23,15,2,0,4,0,0,0
"16",2019,"JW","Rock",0,1792,0,5,2,4,3,2,0,0,0,0,0,23,2,3,1,2,1,5,0,17,1,3,1,4,1,0,0,0,2,0,0,0,2,0,3,0,0,6,13,306,20,2,3,0,3,3,0,0
"17",2019,"K","Control",6,953,2,2,14,0,0,0,0,0,0,0,0,34,0,2,1,1,0,1,0,2,0,3,0,0,0,0,0,2,0,0,0,0,0,0,1,0,0,1,0,44,3,12,1,0,1,0,0,0
"18",2019,"K","Rock",4,528,0,13,12,0,1,0,4,0,0,0,1,72,0,3,4,1,0,8,0,3,0,0,0,0,2,0,0,0,0,0,0,3,0,0,0,0,0,9,0,36,40,0,37,2,3,0,0,0
"19",2019,"MUL","Control",1,1034,0,0,0,0,0,0,5,0,0,0,0,19,0,1,5,3,0,3,0,13,1,8,0,0,8,0,0,0,0,0,0,0,4,0,0,0,0,22,9,69,4,0,0,0,0,0,0,0
"20",2019,"MUL","Rock",1,628,2,0,2,0,0,1,3,0,0,0,0,10,0,4,3,2,0,2,0,2,0,6,0,0,4,0,4,0,0,0,0,0,1,2,3,0,0,24,3,100,1,0,1,0,0,0,0,0
