"","Year","Site","Treatment","Anostostomatinae 1","Catanopinae 1","Catanopinae 2","Catanopinae 3","Gomphocerinae 1","Gomphocerinae 2","Gomphocerinae 3","Gomphocerinae 4","Gryllinae 1","Gryllinae 2","Gryllinae 3","Gryllotalpinae 1","Oedipondinae 1","Pyrgomorphinae 1"
"1",2016,"CR","Control",0,0,0,0,0,0,0,0,0,42,0,0,0,0
"2",2016,"CR","Rock",0,0,0,0,0,0,0,0,0,43,0,0,1,0
"3",2016,"JE","Control",0,0,0,0,0,0,0,0,3,31,0,1,2,1
"4",2016,"JE","Rock",0,0,0,0,0,0,0,0,1,25,0,2,0,1
"5",2016,"JW","Control",0,0,0,0,1,0,0,0,1,3,0,0,2,1
"6",2016,"JW","Rock",0,0,0,0,0,0,0,0,2,6,0,0,0,0
"7",2016,"K","Control",1,0,0,0,0,0,0,0,2,7,0,0,7,1
"8",2016,"K","Rock",0,0,0,0,0,0,0,0,0,5,0,0,1,2
"9",2016,"MUL","Control",0,0,0,0,0,2,0,0,0,31,0,0,0,1
"10",2016,"MUL","Rock",0,0,0,0,1,3,0,0,2,25,0,0,1,0
"11",2019,"CR","Control",0,0,0,0,0,0,0,0,0,3,0,0,0,0
"12",2019,"CR","Rock",0,0,0,1,0,0,0,0,3,6,0,0,0,0
"13",2019,"JE","Control",0,1,0,0,3,1,0,0,33,16,0,2,0,0
"14",2019,"JE","Rock",0,0,1,0,1,0,0,1,5,0,0,1,0,0
"15",2019,"JW","Control",0,0,0,0,6,1,0,0,0,0,0,1,0,0
"16",2019,"JW","Rock",0,0,0,0,0,0,0,0,1,1,0,0,0,0
"17",2019,"K","Control",0,0,0,0,0,0,1,0,8,3,1,0,2,0
"18",2019,"K","Rock",0,0,0,0,0,0,0,0,5,1,0,0,0,1
"19",2019,"MUL","Control",0,0,0,0,0,0,0,0,0,0,0,0,0,0
"20",2019,"MUL","Rock",0,0,0,0,0,0,0,0,0,1,0,0,0,0
