"","Year","Site","Treatment","Actinopodidae 1","Ammoxenidae 1","Ammoxenidae 2","Araneidae 1","Araneidae 2","Clubiniodae 1","Clubionidae 2","Corinnidae 1","Corinnidae 2","Dictynidae 1","Dictynidae 2","Dictynidae 3","Gnaphosidae 1","Gnaphosidae 2","Gnaphosidae 3","Lamponidae 1","Lamponidae 2","Lamponidae 3","Lamponidae 4","Lycosidae 01","Lycosidae 02","Lycosidae 03","Lycosidae 04","Lycosidae 05","Lycosidae 06","Lycosidae 07","Lycosidae 08","Lycosidae 09","Lycosidae 10","Lycosidae 11","Lycosidae 12","Mysmenidae 1","Mysmenidae 2","Oonopidae 1","Oxyopidae 1","Prodidomidae 1","Salticidae 1","Salticidae 2","Salticidae 3","Salticidae 4","Salticidae 5","Salticidae 6","Stenochilidae 1","Tetrablemmidae 1","Tetrablemmidae 2","Tetriblemmidae 3","Theridiidae 1","Theridiidae 2","Theridiidae 3","Theridiidae 4","Theridiidae 5","Theridiidae 6","Theridiidae 7","Theridiidae 8","Theridiosomatidae 1","Theridiosomatidae 2","Theridiosomatidae 3","Theridiosomatidae 4","Theridiosomatidae 5","Thomisidae 1","Thomisidae 2","Thomisidae 3","Thomisidae 4","Trochanteriidae 1","Zodariidae 01","Zodariidae 02","Zodariidae 03","Zodariidae 04","Zodariidae 05","Zodariidae 06","Zodariidae 07","Zodariidae 08","Zodariidae 09","Zodariidae 10","Zodariidae 11","Zodariidae 12","Zodariidae 13"
"1",2016,"CR","Control",0,1,0,1,0,0,0,1,1,0,0,0,7,2,1,2,3,1,6,22,0,0,5,0,5,1,0,2,0,0,0,0,0,0,1,4,0,0,0,0,0,1,0,0,0,3,1,0,0,2,0,2,0,1,0,0,0,0,0,1,0,0,0,0,2,3,0,0,1,0,1,0,0,0,0,0,0
"2",2016,"CR","Rock",0,4,0,2,0,0,0,0,0,0,0,0,5,2,0,5,8,0,4,0,0,0,2,0,12,0,0,9,0,0,0,0,0,3,0,3,0,1,0,1,0,0,0,0,0,0,2,0,0,0,0,2,0,0,0,0,1,0,0,0,0,0,0,0,0,6,0,0,0,0,0,0,0,0,0,0,1
"3",2016,"JE","Control",0,0,0,0,0,0,0,2,0,0,0,0,2,0,1,1,0,0,8,0,1,0,1,0,10,0,0,45,1,0,1,0,0,0,0,1,0,0,0,1,0,0,0,1,0,0,0,0,0,6,0,1,0,0,0,1,0,0,0,0,0,0,0,0,3,3,0,0,0,0,6,0,0,0,0,0,1
"4",2016,"JE","Rock",0,2,0,1,0,0,1,0,1,0,1,1,16,2,1,5,0,0,9,7,2,0,2,1,20,1,0,199,2,1,0,0,1,0,0,0,0,0,0,0,0,0,0,0,0,1,0,0,0,2,0,0,0,0,0,0,0,0,0,0,0,0,0,0,2,4,0,0,0,0,10,0,0,0,0,0,0
"5",2016,"JW","Control",0,0,0,0,0,0,0,9,0,0,0,2,10,4,0,6,0,0,10,0,1,0,12,0,26,0,0,15,1,0,0,0,0,0,0,0,1,0,0,0,0,0,0,0,2,1,2,0,0,3,0,2,0,0,0,0,0,0,0,1,0,0,0,0,1,5,0,1,1,0,5,0,0,0,2,0,0
"6",2016,"JW","Rock",0,1,0,0,0,0,0,0,0,0,0,0,2,0,0,16,0,0,4,5,1,3,2,0,35,0,0,0,0,0,0,0,0,0,0,0,0,1,0,0,0,0,0,0,2,1,0,0,0,4,1,1,0,0,0,0,1,0,0,1,0,1,0,0,0,0,0,0,1,0,1,0,0,0,0,0,0
"7",2016,"K","Control",0,1,2,0,0,0,0,0,0,0,0,0,6,3,3,10,2,0,4,1,5,0,44,1,11,0,0,10,5,0,2,0,0,0,0,1,0,0,0,2,0,0,0,1,0,0,0,0,1,0,0,0,0,0,0,0,1,0,1,0,0,0,0,0,1,0,0,0,9,0,1,0,0,0,1,0,0
"8",2016,"K","Rock",0,0,0,0,1,0,0,0,0,0,0,0,3,0,6,9,3,0,2,0,0,0,5,0,12,0,0,12,0,0,0,0,1,0,0,0,1,0,0,2,0,0,0,0,0,0,1,0,0,0,0,0,0,0,0,0,0,0,1,2,0,1,0,0,0,3,0,0,5,0,0,0,0,0,0,0,0
"9",2016,"MUL","Control",0,0,0,0,0,0,0,1,0,0,0,0,3,1,4,3,1,0,5,0,0,0,1,0,19,0,0,0,0,0,0,0,0,2,0,2,0,0,0,0,1,0,0,0,0,1,3,0,0,2,0,6,0,0,0,1,0,0,0,0,0,0,0,0,1,1,0,0,0,0,3,0,1,0,0,0,0
"10",2016,"MUL","Rock",0,1,2,0,0,0,0,0,0,0,0,0,6,1,2,2,6,0,3,1,1,1,8,0,5,0,0,1,0,0,0,0,0,2,0,1,0,0,0,0,0,0,0,6,0,2,4,0,2,0,0,4,0,0,0,0,0,0,0,0,0,0,1,0,0,7,1,0,0,0,0,1,1,0,0,0,1
"11",2019,"CR","Control",0,0,0,0,0,0,0,0,0,0,1,0,5,1,2,1,34,0,1,0,3,0,2,2,5,0,0,0,0,0,0,0,0,1,0,2,0,1,0,0,0,0,0,0,0,1,2,1,0,4,0,1,0,0,0,1,0,1,0,0,0,0,0,1,4,0,0,0,0,0,19,0,0,0,0,0,1
"12",2019,"CR","Rock",0,0,1,0,0,1,0,0,0,0,0,0,3,0,3,1,18,0,0,0,0,1,3,1,1,0,0,0,0,0,0,0,0,0,0,0,1,0,0,0,0,0,1,0,0,0,0,0,0,0,0,0,0,0,1,1,0,0,0,0,0,0,0,0,1,20,0,0,1,0,17,0,0,0,0,0,0
"13",2019,"JE","Control",0,1,0,0,0,0,0,1,1,0,0,0,1,0,0,5,2,0,0,1,2,0,0,0,1,0,0,0,0,0,0,0,0,0,0,0,0,2,0,0,0,0,0,0,0,0,8,7,3,0,1,1,0,0,0,0,0,0,0,0,0,0,0,0,5,2,2,1,1,0,0,0,0,0,0,0,0
"14",2019,"JE","Rock",0,0,1,0,0,0,0,1,0,0,0,0,1,1,0,4,0,0,0,0,3,3,1,1,1,0,0,0,0,0,0,0,0,0,0,0,1,0,1,0,0,0,0,0,0,0,2,1,0,2,0,2,0,0,0,0,0,0,0,2,0,0,0,0,1,3,0,0,0,0,0,0,0,0,0,1,0
"15",2019,"JW","Control",0,1,0,0,0,0,0,0,0,1,1,0,0,0,0,0,0,1,0,0,2,1,0,2,0,1,1,0,0,2,0,0,0,0,0,0,2,2,0,0,0,0,0,0,0,0,2,5,0,3,0,0,1,0,0,0,0,1,0,0,0,0,0,0,8,7,0,2,0,0,6,1,2,0,0,1,1
"16",2019,"JW","Rock",0,0,0,0,0,0,0,0,0,0,0,0,2,2,0,2,0,0,1,0,1,0,3,0,1,1,0,0,0,0,0,1,0,0,0,0,0,0,0,1,0,0,0,0,1,0,1,0,0,1,0,0,0,0,0,0,0,0,0,0,0,0,0,0,2,2,1,0,0,1,1,0,0,0,0,0,0
"17",2019,"K","Control",0,2,0,0,0,0,0,0,0,0,0,0,3,0,4,0,0,0,0,0,0,2,2,1,15,0,0,0,0,0,0,0,0,0,0,0,3,0,0,0,1,0,0,0,0,0,0,0,0,0,0,0,0,0,0,0,0,0,0,1,0,0,0,0,2,1,2,0,30,1,3,0,0,2,0,0,1
"18",2019,"K","Rock",0,1,0,0,0,0,0,0,0,0,0,0,3,0,7,2,2,0,1,0,0,6,1,0,13,0,0,0,0,0,0,0,0,0,0,1,3,0,0,0,1,0,0,0,0,0,0,0,1,0,0,2,0,0,0,0,0,0,0,0,1,0,0,0,2,2,0,0,18,0,2,0,0,0,0,0,0
"19",2019,"MUL","Control",0,0,1,0,0,0,0,1,0,0,2,0,2,0,1,2,11,0,1,0,1,0,2,1,0,0,0,0,0,0,0,0,0,2,0,0,0,1,0,1,0,0,0,3,1,0,2,1,1,0,0,2,0,0,0,0,0,0,0,0,0,0,0,0,4,1,1,0,0,0,1,0,0,0,0,0,0
"20",2019,"MUL","Rock",1,0,0,0,0,0,0,1,0,0,0,0,3,0,3,0,15,0,0,0,2,1,0,1,0,1,0,0,0,1,0,0,0,0,0,1,0,0,0,0,0,0,1,2,3,0,2,0,0,0,0,0,0,0,0,0,0,0,0,0,0,0,0,0,5,9,1,0,1,0,2,0,0,0,0,0,0
