"","Year","Site","Treatment","Anthicidae 1","Anthicidae 2","Anthicidae 3","Biphyllidae 1","Byrrhidae 1","Cantharidae 1","Carabidae 1","Carabidae 2","Carabidae 3","Carabidae 4","Carabidae 5","Carabidae 6","Carabidae 7","Carabidae 8","Carabidae 9","Cassidinae (Hispoid) 1","Chrysomelidae 1","Coccinellidae 1","Corylophidae 1","Corylophidae 2","Corylophidae 3","Corylophidae 4","Curculionidae 01","Curculionidae 02","Curculionidae 03","Curculionidae 04","Curculionidae 05","Curculionidae 06","Curculionidae 07","Curculionidae 08","Curculionidae 09","Curculionidae 10","Curculionidae 11","Elateridae 1","Elateridae 2","Endomychidae 1","Larvae 1","Larvae 2","Larvae 3","Larvae 4","Larvae 5","Larvae 6","Larvae 7","Larvae 8","Latridiidae 1","Scarabaeoidea 1","Scarabaeoidea 2","Scarabaeoidea 3","Scarabaeoidea 4","Scarabaeoidea 5","Scarabaeoidea 6","Scarabaeoidea 7","Scirtidae 1","Staphylinidae 1","Staphylinidae 2","Staphylinidae 3","Staphylinidae 4","Staphylinidae 5","Staphylinidae 6","Staphylinidae 7","Staphylinidae 8","Tenebrionidae 1","Tenebrionidae 2","Tenebrionidae 3","Tenebrionidae 4","Tenebrionidae 5","Tenebrionidae 6","Tenebrionidae 7","Tenebrionidae 8"
"1",2016,"CR","Control",26,15,1,0,0,0,15,52,0,12,0,0,0,0,0,0,0,0,1,0,3,0,4,26,1,16,54,0,0,1,0,0,0,0,0,0,0,0,0,5,0,0,1,0,3,0,16,0,0,0,0,0,0,0,9,0,0,0,0,0,0,50,2,0,0,2,0,1,0
"2",2016,"CR","Rock",22,38,0,3,0,1,23,56,0,3,0,0,0,0,1,0,0,0,1,2,8,0,2,49,0,7,16,0,0,0,0,0,0,0,3,0,0,0,0,0,0,0,0,0,4,0,10,0,0,0,0,0,0,0,11,0,0,0,0,0,0,78,4,0,0,2,0,1,1
"3",2016,"JE","Control",12,25,0,1,11,0,6,153,2,11,0,0,1,45,2,1,0,0,2,0,2,2,16,70,0,6,0,0,0,1,0,14,0,0,0,0,1,0,0,22,0,0,1,1,3,0,44,0,0,1,0,0,0,2,1,0,0,1,0,0,0,111,10,0,0,0,0,0,0
"4",2016,"JE","Rock",20,12,0,1,3,0,26,135,0,7,2,0,1,87,1,1,0,2,1,2,0,0,6,57,0,11,0,0,1,0,7,9,0,0,1,1,0,0,0,32,1,1,1,0,2,0,32,1,1,0,2,0,0,0,4,2,0,0,2,1,1,155,6,0,0,0,2,1,0
"5",2016,"JW","Control",8,6,1,0,0,0,35,38,3,24,0,0,0,0,1,0,1,1,1,0,0,1,5,17,0,10,47,0,0,0,0,3,0,0,2,0,0,1,0,17,0,0,1,0,3,0,4,0,0,0,0,1,0,0,1,0,0,0,0,0,0,102,1,0,0,0,0,0,0
"6",2016,"JW","Rock",13,5,0,1,0,0,17,48,0,11,0,0,2,0,0,0,0,0,1,0,1,0,5,23,0,21,16,0,0,1,0,2,0,0,1,0,0,2,0,6,0,0,0,0,3,0,13,0,0,0,0,0,0,0,1,0,0,1,0,0,0,74,7,0,0,0,0,0,0
"7",2016,"K","Control",8,28,0,0,1,0,25,36,1,6,0,0,2,2,0,0,0,0,5,6,1,0,2,18,0,8,2,0,0,0,0,0,0,0,0,0,1,0,2,14,0,0,0,0,22,0,16,1,0,0,0,0,0,0,5,0,0,0,0,0,0,158,0,0,0,0,1,0,0
"8",2016,"K","Rock",19,15,0,3,0,0,33,23,0,8,1,0,2,0,0,1,0,2,6,0,1,0,1,20,0,2,3,0,0,0,0,0,0,0,1,0,0,1,0,9,0,1,0,0,9,0,26,0,0,1,0,0,0,0,3,0,0,0,0,0,0,225,0,0,1,0,2,0,0
"9",2016,"MUL","Control",31,3,0,0,0,0,9,63,0,9,0,0,1,0,1,0,0,1,3,0,1,0,4,45,0,44,2,0,0,2,0,0,3,8,14,0,0,1,0,0,0,0,0,0,8,2,0,0,0,0,0,1,0,0,1,0,0,0,0,0,0,3,2,0,0,0,0,2,0
"10",2016,"MUL","Rock",35,8,0,0,0,0,8,81,0,20,0,0,2,0,0,0,1,0,4,0,5,0,26,89,0,106,3,0,0,1,0,0,1,0,12,3,0,1,0,1,0,0,0,0,13,3,1,0,0,0,0,0,0,3,4,0,0,1,0,0,0,5,9,0,0,0,3,4,1
"11",2019,"CR","Control",13,2,0,2,0,0,3,4,1,0,0,1,0,0,0,0,0,0,0,0,0,0,23,24,0,3,5,1,0,0,0,0,0,0,1,2,0,1,0,0,0,0,0,0,0,0,3,0,0,0,0,0,0,0,3,0,1,0,0,0,0,4,1,0,0,1,0,0,0
"12",2019,"CR","Rock",6,0,0,1,0,0,3,1,0,0,0,0,0,0,0,0,0,0,0,0,0,0,13,63,0,6,1,0,0,0,1,0,0,0,0,0,0,0,0,0,0,0,0,0,0,0,1,0,0,0,0,0,0,0,2,0,0,0,0,0,0,5,0,0,0,0,0,1,0
"13",2019,"JE","Control",5,0,0,0,0,0,5,1,0,0,0,0,0,0,0,0,1,0,1,0,0,0,30,21,1,0,0,0,0,0,0,0,0,0,0,1,0,0,0,0,0,0,0,0,0,0,2,0,0,0,0,0,0,0,0,0,0,0,0,0,0,7,3,1,0,0,0,0,0
"14",2019,"JE","Rock",21,0,0,0,1,0,10,5,1,1,0,0,0,0,0,0,0,2,1,0,0,0,10,14,0,0,0,0,0,0,0,0,0,1,0,1,1,0,0,0,0,0,0,0,0,1,2,0,0,0,0,0,0,1,1,0,0,0,0,0,0,41,0,0,0,0,0,0,0
"15",2019,"JW","Control",74,0,0,0,1,0,46,5,0,3,0,0,0,0,0,0,0,1,2,0,0,0,1,3,0,0,0,0,0,0,0,0,0,0,0,1,0,0,0,0,0,0,0,0,0,0,0,0,0,0,0,0,1,0,0,1,0,0,0,0,0,26,0,0,0,0,0,0,0
"16",2019,"JW","Rock",20,0,0,0,0,0,16,7,1,5,0,0,0,0,0,1,0,0,1,0,0,0,9,3,0,0,1,0,0,0,0,0,0,1,1,1,0,0,0,0,0,0,0,0,0,0,0,1,0,0,0,0,0,1,0,0,0,0,0,0,0,53,0,0,0,0,0,0,0
"17",2019,"K","Control",10,0,0,0,0,0,23,7,0,1,0,0,0,0,0,0,0,0,0,0,0,0,1,7,0,0,0,0,0,1,1,0,0,0,0,0,0,0,0,0,0,0,0,0,0,0,1,0,0,0,0,0,0,0,0,0,0,0,0,0,0,39,0,0,5,0,0,0,0
"18",2019,"K","Rock",2,0,0,0,0,0,16,6,0,1,1,0,0,0,0,0,0,0,0,0,0,0,1,12,0,0,0,0,0,0,0,0,0,0,0,2,1,0,2,0,0,0,0,0,0,0,2,0,0,0,0,0,0,0,1,0,0,0,0,0,0,31,3,0,0,0,1,0,0
"19",2019,"MUL","Control",28,1,1,0,0,0,4,1,0,1,0,0,0,0,0,0,0,0,0,0,0,0,12,46,1,5,0,1,0,0,0,0,0,0,9,1,0,2,0,0,0,0,0,0,0,0,0,0,0,0,0,0,0,0,0,0,0,0,0,0,0,2,0,0,1,0,0,0,0
"20",2019,"MUL","Rock",25,2,0,0,3,0,8,2,0,1,0,0,0,0,0,0,0,0,0,0,0,0,5,19,0,4,0,2,1,0,0,0,0,0,1,4,0,0,0,0,0,0,0,0,0,0,0,0,0,0,0,0,0,0,0,0,0,0,0,0,0,5,0,0,0,0,0,0,0
